Chr,Gene,nSNPs,nSims,Start,Stop,Test,Pvalue,Best-SNP,SNP-pvalue
1,ARF1,86,1e+06,228270360,228286913,533.487161284644,9.99999000001e-07,rs10916265,1.62547000000002e-09
1,C1orf145,53,1e+06,228391206,228401365,396.049819168211,9.99999000001e-07,rs11799681,1.36628000000001e-08
1,GUK1,44,1e+06,228327784,228336655,210.930559130987,9.99999000001e-07,rs2313602,5.05917999999989e-09
1,KIAA0040,176,1e+06,175126122,175162229,1968.81615324895,9.99999000001e-07,rs10912903,1.46768e-10
1,LOC100505887,20,1e+06,6784804,6790072,197.280528836862,9.99999000001e-07,rs59553179,2.70190000000004e-08
1,MOV10,116,1e+06,113216933,113243368,1886.26179466398,9.99999000001e-07,rs12129649,2.11057000000011e-32
1,OBSCN,996,1e+06,228395830,228566575,5632.10574380857,9.99999000001e-07,rs3856331,4.83280999999997e-11
1,PIGV,23,1e+06,27114453,27124894,133.211508718371,9.99999000001e-07,rs35615194,4.82325000000006e-07
1,PMF1,145,1e+06,156182778,156209868,1065.0896394706,9.99999000001e-07,rs1543294,9.76337999999996e-09
1,RHOC,34,1e+06,113243748,113250025,382.012568486364,9.99999000001e-07,rs2279499,3.01577999999997e-17
1,SEMA4A,104,1e+06,156119734,156147542,515.499852004515,9.99999000001e-07,rs12128066,6.26368999999993e-08
1,SLC16A1,139,1e+06,113454469,113498975,1016.89846653598,9.99999000001e-07,rs55992320,2.94740999999994e-08
1,ST7L,406,1e+06,113066140,113162040,6468.89959027976,9.99999000001e-07,rs66505930,1.09421000000016e-42
1,THAP3,59,1e+06,6684924,6695646,457.438701038382,9.99999000001e-07,rs11892,2.43012999999999e-10
1,WNT2B,244,1e+06,113009162,113063910,8055.64949067908,9.99999000001e-07,rs10776752,4.40351999999989e-61
1,AGT,97,1e+06,230838271,230850336,1505.8551235274,9.99999000001e-07,rs5049,2.01280000000004e-20
1,AGTRAP,66,1e+06,11796141,11810828,526.653956884409,9.99999000001e-07,rs17875987,1.24940002479511e-14
1,ARID1A,268,1e+06,27022521,27108601,2386.11183015294,9.99999000001e-07,rs12729652,7.92319000000011e-11
1,C1orf167,205,1e+06,11822249,11849642,8633.62212695895,9.99999000001e-07,rs12561919,3.22849000000011e-39
1,C1orf54,24,1e+06,150245182,150253335,238.422911000056,9.99999000001e-07,rs113775984,6.54650999999986e-08
1,CAPZA1,174,1e+06,113162074,113214241,2059.57610170129,9.99999000001e-07,rs12025785,5.6924599999993e-33
1,CIART,13,1e+06,150255228,150259501,126.474522829442,9.99999000001e-07,rs942453,1.09255000000001e-07
1,CLCN6,269,1e+06,11866152,11903201,16741.7736011811,9.99999000001e-07,rs12567136,5.19996000000061e-44
1,CLIC4,262,1e+06,25071759,25170815,1960.17383434771,9.99999000001e-07,rs6668768,6.18828000000014e-09
1,COG2,271,1e+06,230778201,230829731,1998.97762369767,9.99999000001e-07,rs60352970,2.32006000000006e-16
1,DFFA,72,1e+06,10520602,10532613,369.708251237926,9.99999000001e-07,rs1188529,3.50590000000006e-07
1,DNAJC11,283,1e+06,6694227,6761966,1995.18732577834,9.99999000001e-07,rs11892,2.43012999999999e-10
1,DRAXIN,152,1e+06,11751780,11780336,873.943044070098,9.99999000001e-07,rs188338933,5.93472000000005e-12
1,GABPB2,229,1e+06,151043079,151091007,1363.24711457211,9.99999000001e-07,rs6704195,7.39503000000002e-08
1,GPN2,35,1e+06,27205872,27216869,391.663948037767,9.99999000001e-07,rs74465889,3.35034999999993e-10
1,HYI,14,1e+06,43916673,43919660,101.824019932613,9.99999000001e-07,rs2251802,1.47604999999997e-06
1,JTB,4,1e+06,153946744,153950451,31.5983551827359,9.99999000001e-07,rs11264763,7.73446000000015e-05
1,KCND3,1104,1e+06,112318453,112531777,3612.80140559252,9.99999000001e-07,rs509705,3.72597999999997e-08
1,KDF1,31,1e+06,27276046,27286901,211.885162136399,9.99999000001e-07,rs79598313,1.10348999999999e-06
1,KIAA2013,37,1e+06,11979644,11986485,230.297169168308,9.99999000001e-07,rs143439093,1.29122000000021e-31
1,KLHL21,70,1e+06,6650783,6662929,464.788781051287,9.99999000001e-07,rs2232460,1.91263000000002e-10
1,LOC100996702,145,1e+06,113362790,113393265,1558.61007749466,9.99999000001e-07,rs79004809,3.48097e-17
1,LOC101927891,699,1e+06,89003195,89150887,3691.55987180158,9.99999000001e-07,rs10922477,7.52991000000007e-10
1,MIR3620,1,1e+06,228284963,228285042,30.8540846896274,9.99999000001e-07,rs2070960,2.78176000000002e-08
1,MIR7851_1,497,1e+06,155996957,156132001,2342.23249189736,9.99999000001e-07,rs74593044,1.56787000000002e-09
1,MKNK1-AS1,211,1e+06,47004367,47035927,838.685947945639,9.99999000001e-07,rs2486166,2.30314000000003e-06
1,MTHFR,115,1e+06,11845786,11866160,5973.09381502935,9.99999000001e-07,rs13306561,7.54570999999978e-44
1,NPHS2,152,1e+06,179519673,179545084,1088.31280369632,9.99999000001e-07,rs1410592,2.26313000000002e-07
1,NPPA,21,1e+06,11905766,11907840,609.927351071793,9.99999000001e-07,rs5068,7.61903999999884e-41
1,NPPA-AS1,59,1e+06,11900375,11907673,1287.12986403748,9.99999000001e-07,rs5068,7.61903999999884e-41
1,NR0B2,12,1e+06,27237974,27240567,81.3008265337864,9.99999000001e-07,rs6659176,5.79762e-06
1,NUDC,86,1e+06,27248212,27273362,511.329023169389,9.99999000001e-07,rs10493037,1.39300000000004e-10
1,PEX14,670,1e+06,10535002,10690815,7019.0333284103,9.99999000001e-07,rs2506892,8.35411000000555e-13
1,PHF13,40,1e+06,6673755,6684093,442.61328438679,9.99999000001e-07,rs11122105,7.03234000000008e-11
1,PMF1-BGLAP,155,1e+06,156182778,156213123,1111.11004085015,9.99999000001e-07,rs12090516,8.92297999999984e-09
1,PPAP2B,414,1e+06,56960418,57045257,2161.05160132336,9.99999000001e-07,rs8016,5.37674999999991e-10
1,PPM1J,26,1e+06,113252615,113257950,165.327903147805,9.99999000001e-07,rs7522283,1.97106000000004e-16
1,PRDM16,2675,1e+06,2985741,3355185,8278.93852733282,9.99999000001e-07,rs3795261,1.44794000000002e-10
1,RLF,360,1e+06,40627040,40706593,1569.74670791134,9.99999000001e-07,rs11370671,4.26540000000011e-07
1,SLC16A1-AS1,22,1e+06,113499036,113506690,126.92497904898,9.99999000001e-07,rs369533746,6.27234999999988e-08
1,SPATA17,1138,1e+06,217804694,218040484,5026.90146803744,9.99999000001e-07,rs2377702,1.20217999999998e-06
1,SZT2,208,1e+06,43855555,43919918,1366.76359331576,9.99999000001e-07,rs34464308,2.75030000000005e-07
1,TARS2,94,1e+06,150459839,150480085,760.654192312074,9.99999000001e-07,rs112103825,1.27470999999998e-07
1,UBQLN4,58,1e+06,156005091,156023516,244.584508092087,9.99999000001e-07,rs74593044,1.56787000000002e-09
1,WASF2,334,1e+06,27730733,27816678,2888.69394372891,9.99999000001e-07,rs2504776,3.57889999999996e-09
1,WNT3A,229,1e+06,228194722,228248972,2350.73520302435,9.99999000001e-07,rs1745414,4.65908000405486e-14
1,WNT9A,139,1e+06,228109164,228135676,1369.6484485258,9.99999000001e-07,rs1774755,1.73257000000001e-08
1,ZBTB48,28,1e+06,6640050,6649340,129.69315965808,9.99999000001e-07,rs6682920,1.11936e-09
1,ZDHHC18,103,1e+06,27153200,27182211,885.984201699248,9.99999000001e-07,rs34924059,2.22335999999997e-10
2,ANTXR1,1166,1e+06,69240275,69476459,3709.43525869879,9.99999000001e-07,rs60170685,5.23178999999988e-10
2,ATRAID,30,1e+06,27434898,27440046,310.730837475446,9.99999000001e-07,rs11608,2.34315000000006e-11
2,DNMT3A,381,1e+06,25455829,25565459,1546.94229176461,9.99999000001e-07,rs56197924,4.83570999999989e-10
2,DPYSL5,345,1e+06,27070968,27173219,4017.3723382252,9.99999000001e-07,rs6738528,1.31583000000001e-10
2,EIF2B4,21,1e+06,27587218,27593324,96.8595961489472,9.99999000001e-07,rs71441072,3.08574000000006e-08
2,PPP1R1C,822,1e+06,182818967,182996109,3559.33854282103,9.99999000001e-07,rs6760977,4.24884000000008e-08
2,UBE2E3,498,1e+06,181845111,181928154,7217.05095378968,9.99999000001e-07,rs4362519,1.47003999999998e-10
2,ADAM23,775,1e+06,207308367,207485854,2601.89992917521,9.99999000001e-07,rs1921667,4.87909999999994e-07
2,AHCTF1P1,33,1e+06,162355577,162364413,162.726952864117,9.99999000001e-07,rs62187567,7.40797999999998e-11
2,CAD,121,1e+06,27440257,27466654,971.296590364736,9.99999000001e-07,rs62130680,1.17951000000003e-11
2,DNAJC5G,21,1e+06,27498288,27504296,154.07024423336,9.99999000001e-07,rs4665961,6.62369000000015e-11
2,FAHD2A,42,1e+06,96068447,96078879,124.337066110713,9.99999000001e-07,rs548551124,3.11630999999992e-05
2,KCNK3,147,1e+06,26915580,26954066,5373.89639538747,9.99999000001e-07,rs1275977,2.36646000000048e-55
2,LINC01122,2347,1e+06,58747887,59290901,7197.56284628728,9.99999000001e-07,rs6741951,1.21255000000002e-08
2,LOC646736,156,1e+06,227007509,227044778,924.593856477611,9.99999000001e-07,rs6713510,3.03249e-11
2,MERTK,682,1e+06,112656190,112786945,5454.09606830452,9.99999000001e-07,rs17174870,1.88459999999998e-09
2,MPV17,37,1e+06,27532359,27545969,280.19843637619,9.99999000001e-07,rs62130714,2.22024000000003e-11
2,PKP4,1148,1e+06,159313475,159537940,6734.50518848362,9.99999000001e-07,rs3771612,1.59027000000002e-08
2,PREB,19,1e+06,27353624,27357542,111.140448260305,9.99999000001e-07,rs11695641,1.79299999999999e-06
2,PSMD14,348,1e+06,162164785,162268228,1711.72025882451,9.99999000001e-07,rs12467117,2.32723000000004e-08
2,QPCT,177,1e+06,37571752,37600465,896.221717216565,9.99999000001e-07,rs3815555,6.21698999999994e-07
2,SLC30A3,27,1e+06,27477439,27485960,241.251734253718,9.99999000001e-07,rs11693052,6.76721999999991e-10
2,SLC38A11,291,1e+06,165754708,165812035,1791.12558958906,9.99999000001e-07,rs16849922,2.54818000000003e-10
2,SLC4A10,1643,1e+06,162480844,162841786,20455.7139086787,9.99999000001e-07,rs116099394,1.25199e-16
2,TBR1,19,1e+06,162272619,162281573,167.119203217964,9.99999000001e-07,rs55732192,4.47075000000002e-10
2,TCF23,10,1e+06,27371944,27375819,110.786348647947,9.99999000001e-07,rs1275509,2.78323999999995e-09
2,TEX41,1493,1e+06,145425533,145834291,6712.00365569375,9.99999000001e-07,rs55944332,2.90536000000012e-12
2,TNS1,748,1e+06,218664511,218808796,2694.2378756646,9.99999000001e-07,rs1063281,8.08723e-07
2,TRIM54,73,1e+06,27505296,27530307,744.336754199191,9.99999000001e-07,rs6760868,3.61993000000027e-12
3,C3orf18,35,1e+06,50595455,50608458,222.131587989658,9.99999000001e-07,rs113014003,7.71152000000013e-06
3,DAG1,217,1e+06,49506135,49573051,1526.96597822811,9.99999000001e-07,rs4625,2.07672999999995e-07
3,DALRD3,22,1e+06,49052920,49058504,121.487103877041,9.99999000001e-07,rs199627545,1.89307999999998e-07
3,HRH1,675,1e+06,11178778,11304939,2589.00286892758,9.99999000001e-07,rs346087,2.67079000000003e-09
3,IP6K1,191,1e+06,49761727,49823973,1574.4971575383,9.99999000001e-07,rs3206653,8.59686000000016e-10
3,RARRES1,167,1e+06,158414896,158450275,1180.44697195389,9.99999000001e-07,rs73156490,1.37167000000001e-07
3,SGOL1,139,1e+06,20202084,20227724,1051.57092497104,9.99999000001e-07,rs9849205,2.66857999999999e-08
3,SKIL,174,1e+06,170075472,170114637,1340.07740611815,9.99999000001e-07,rs1511174,3.72838e-07
3,SLC4A7,571,1e+06,27414211,27525911,7647.72326592131,9.99999000001e-07,rs59117696,4.62701000000008e-15
3,VGLL4,1003,1e+06,11597540,11762242,3773.06476084973,9.99999000001e-07,rs1000010,4.85289000000004e-11
3,XIRP1,30,1e+06,39224705,39234085,181.797959990149,9.99999000001e-07,rs2271487,3.22380999999996e-08
3,AMT,12,1e+06,49454210,49460111,161.888829917173,9.99999000001e-07,rs11922013,7.46603000000006e-07
3,ATG7,1226,1e+06,11314009,11599139,10953.5146796016,9.99999000001e-07,rs2574698,3.61743000000043e-12
3,BSN,333,1e+06,49591921,49708982,2526.33929566345,9.99999000001e-07,rs36116071,3.46824999999993e-10
3,CACNA1D,1458,1e+06,53529075,53846492,6954.17093728211,9.99999000001e-07,rs3821843,4.06912000000006e-11
3,CDC25A,88,1e+06,48198667,48229801,585.088503515553,9.99999000001e-07,rs3731489,1.71191000000001e-08
3,CDHR4,28,1e+06,49828166,49837254,217.949962637171,9.99999000001e-07,rs61745903,7.84838000000006e-10
3,CHDH,162,1e+06,53850323,53880420,986.672264468342,9.99999000001e-07,rs9836592,1.40935000000003e-10
3,CSRNP1,58,1e+06,39183341,39195102,289.626475170397,9.99999000001e-07,rs1274962,1.51691e-08
3,DPH3,44,1e+06,16298567,16306496,363.398108023862,9.99999000001e-07,rs842255,3.22032999999998e-06
3,GPX1,4,1e+06,49394608,49395791,53.0736430045345,9.99999000001e-07,rs1800668,9.14766000000005e-07
3,IL12A-AS1,1716,1e+06,159631189,159924879,5946.51262796453,9.99999000001e-07,rs10513547,8.08946999999986e-06
3,KAT2B,678,1e+06,20081523,20195896,4474.45972835168,9.99999000001e-07,rs3828349,2.36336000000003e-10
3,KIAA2018,118,1e+06,113367232,113415493,968.882968771822,9.99999000001e-07,rs73226528,1.56135000000001e-09
3,LAMB2,30,1e+06,49158546,49170599,115.103043646342,9.99999000001e-07,rs34759087,2.11700000000004e-06
3,LOC100996447,124,1e+06,158263008,158288855,905.550675927811,9.99999000001e-07,rs6441207,1.43224999999996e-08
3,MST1,10,1e+06,49721379,49726196,78.9979860114081,9.99999000001e-07,rs3020779,1.07481000000003e-05
3,NAA50,85,1e+06,113435306,113465120,672.439282121171,9.99999000001e-07,rs2566970,2.80686000000004e-07
3,NEK10,837,1e+06,27257096,27410912,7849.23488201059,9.99999000001e-07,rs9870054,1.19895000002881e-13
3,NME6,27,1e+06,48335588,48342848,353.829069879789,9.99999000001e-07,rs1134867,4.13875999999997e-09
3,PPM1L,1339,1e+06,160473995,160788817,6527.37609854505,9.99999000001e-07,rs12690576,9.17635000000009e-09
3,RHOA,176,1e+06,49396578,49449526,1086.63204455247,9.99999000001e-07,rs34071734,3.42027000000002e-10
3,RNF123,118,1e+06,49726949,49758962,836.983052213925,9.99999000001e-07,rs35620248,3.58830999999995e-10
3,RYK,389,1e+06,133875977,133969586,2718.4021796623,9.99999000001e-07,rs4280635,2.69153000000024e-12
3,SPINK8,74,1e+06,48348335,48369831,1227.82509659084,9.99999000001e-07,rs4130995,4.48508000000011e-09
3,TRAIP,76,1e+06,49866027,49893992,632.166453144284,9.99999000001e-07,rs35357848,9.91722000000001e-07
3,UBA7,25,1e+06,49842637,49851391,125.042642361547,9.99999000001e-07,rs11400401,1.58594999999998e-06
3,ZNF589,86,1e+06,48282595,48312479,860.813598221165,9.99999000001e-07,rs3937,1.96884000000002e-08
4,CLOCK,645,1e+06,56294067,56413076,5020.86271653773,9.99999000001e-07,rs6828474,1.53363000000004e-07
4,ELOVL6,817,1e+06,110970228,111119820,2652.16156736824,9.99999000001e-07,rs78161576,3.90112999999997e-07
4,FGF5,125,1e+06,81187741,81212171,2511.57530687736,9.99999000001e-07,rs567528190,8.44890000000022e-48
4,GUCY1A3,369,1e+06,156587861,156658214,6972.28990548676,9.99999000001e-07,rs72689147,8.14892000000063e-30
4,LEF1,451,1e+06,108968700,109090112,2393.6758873743,9.99999000001e-07,rs71590201,1.55528999999998e-08
4,LEF1-AS1,35,1e+06,109088680,109097586,180.29825969012,9.99999000001e-07,rs61399930,1.69902999999998e-07
4,NMU,197,1e+06,56461395,56502865,1944.82807501896,9.99999000001e-07,rs55893990,1.43568999999997e-09
4,USP38,142,1e+06,144106069,144145027,2611.24254422819,9.99999000001e-07,rs4690777,1.51530000000924e-13
4,ARAP2,720,1e+06,36067619,36245979,3784.56929386394,9.99999000001e-07,rs6836152,1.51276e-07
4,EDNRA,223,1e+06,148402068,148466106,2506.36282271864,9.99999000001e-07,rs192190120,1.19674000000422e-12
4,ENPEP,317,1e+06,111397228,111484493,2841.13012167615,9.99999000001e-07,rs6533524,2.29509000000004e-16
4,GUCY1B3,229,1e+06,156680124,156728794,1766.37507949845,9.99999000001e-07,rs3839143,1.05778999999999e-15
4,PCDH18,62,1e+06,138440073,138453629,365.502267710695,9.99999000001e-07,rs9286351,1.52111000000003e-09
4,SLAIN2,389,1e+06,48343612,48428215,2579.18133364782,9.99999000001e-07,rs6829457,7.05130999999995e-08
4,THAP9-AS1,22,1e+06,83814604,83822069,178.243517905888,9.99999000001e-07,rs4302451,1.96793000000004e-06
4,TMEM165,141,1e+06,56262079,56292342,748.07630698627,9.99999000001e-07,rs56139168,2.03925e-07
5,ERAP1,383,1e+06,96096513,96149848,3966.23855816999,9.99999000001e-07,rs695965,7.06806000312777e-14
5,HTR4,936,1e+06,147830594,148034090,4484.7590806317,9.99999000001e-07,rs9763488,1.05228000000002e-10
5,NPR3,389,1e+06,32710742,32791830,2975.17300352002,9.99999000001e-07,rs34653545,3.33657000000021e-24
5,TRIM36,251,1e+06,114460458,114516243,1712.73541316714,9.99999000001e-07,rs1990896,2.25922999999999e-09
5,CPEB4,281,1e+06,173315330,173387313,2229.86641713929,9.99999000001e-07,rs72812817,1.05985999999998e-07
5,ERAP2,299,1e+06,96211643,96255406,4315.90620719038,9.99999000001e-07,rs4869316,4.66982000000006e-11
5,FBN2,1166,1e+06,127593600,127873735,16533.5016185612,9.99999000001e-07,rs6860901,9.20450000000025e-27
5,LOC101927697,494,1e+06,157747711,157836781,8898.85582360888,9.99999000001e-07,rs1952651,1.10661999999999e-19
5,PRDM6,560,1e+06,122424840,122523745,4218.49584987727,9.99999000001e-07,rs10077410,1.75631000611982e-14
5,PRELID1,15,1e+06,176730762,176733960,120.870676930579,9.99999000001e-07,rs28362590,1.53192999999997e-07
5,RAB24,8,1e+06,176728190,176730745,72.6133921854801,9.99999000001e-07,rs28419182,5.08288000000003e-08
5,REEP2,38,1e+06,137774689,137782658,288.083798048579,9.99999000001e-07,rs982085,1.85315e-08
5,SRFBP1,336,1e+06,121297655,121364295,1696.45619257428,9.99999000001e-07,rs140803937,4.61285999999991e-07
5,TERT,170,1e+06,1253286,1295162,637.166915792848,9.99999000001e-07,rs2853676,1.76521999999995e-08
6,ABCC10,100,1e+06,43395291,43418163,600.670272901733,9.99999000001e-07,rs2794264,1.98568000000003e-08
6,AGPAT1,36,1e+06,32135982,32145888,288.591747605826,9.99999000001e-07,rs1061808,1.93642000000618e-13
6,AIF1,10,1e+06,31582993,31584798,157.148547866926,9.99999000001e-07,rs2844475,2.55623000006143e-13
6,BAG6,70,1e+06,31606804,31620477,740.255597230388,9.99999000001e-07,rs1077394,5.11210999999995e-15
6,BTN2A2,85,1e+06,26383323,26395100,519.466464698355,9.99999000001e-07,rs9461249,1.06565999999999e-06
6,CCHCR1,202,1e+06,31110215,31126015,1663.5627804407,9.99999000001e-07,rs3130497,1.80135999999997e-12
6,CYP21A2_2,26,1e+06,32006092,32009447,133.917817031142,9.99999000001e-07,rs6463,5.91424999999996e-09
6,DCDC2,1326,1e+06,24171982,24383520,5780.29443362821,9.99999000001e-07,rs1277190,9.75349000000015e-09
6,EHMT2,100,1e+06,31847535,31865484,454.448965719804,9.99999000001e-07,rs115884658,4.98632000000002e-08
6,GPSM3,21,1e+06,32158542,32163300,127.751354088782,9.99999000001e-07,rs3096688,1.92221000047822e-14
6,LST1,23,1e+06,31553955,31556686,132.323060776071,9.99999000001e-07,rs2256965,6.57052000000152e-13
6,LTA,13,1e+06,31539875,31542100,216.682757235223,9.99999000001e-07,rs909253,3.61726e-10
6,MICB,246,1e+06,31462657,31478901,5117.44824208117,9.99999000001e-07,rs28703977,1.29448999999999e-17
6,NCOA7,538,1e+06,126102306,126253176,3799.24652953961,9.99999000001e-07,rs6918791,1.36962001415206e-14
6,NFKBIL1,89,1e+06,31514627,31526606,716.244453358538,9.99999000001e-07,rs2516383,1.33352000000092e-12
6,POU5F1,72,1e+06,31132113,31138470,694.692627048133,9.99999000001e-07,rs3130503,1.60990000000002e-11
6,PPT2,46,1e+06,32121228,32131458,306.913010592327,9.99999000001e-07,rs3134950,1.77705000002045e-13
6,SLC44A4,101,1e+06,31830969,31846823,860.763616397351,9.99999000001e-07,rs9267658,7.28132000000013e-10
6,STK19_1,57,1e+06,31938951,31949223,320.350375516999,9.99999000001e-07,rs6941112,6.10085e-10
6,TAP2,194,1e+06,32789609,32806600,1416.40945610096,9.99999000001e-07,rs73410789,4.79622999999998e-13
6,TNXB_2,327,1e+06,32008931,32077151,1784.85178751893,9.99999000001e-07,rs3096695,2.19129000000002e-11
6,AGER,24,1e+06,32148744,32152099,171.020133302455,9.99999000001e-07,rs1800684,7.17629000000001e-12
6,ATF6B,47,1e+06,32083044,32096017,158.372401562908,9.99999000001e-07,rs2228628,5.32401999999988e-09
6,ATP6V1G2,18,1e+06,31512227,31514625,152.236497885816,9.99999000001e-07,rs2071594,1.05609000000033e-13
6,ATP6V1G2-DDX39B,137,1e+06,31497995,31514625,1785.53959330824,9.99999000001e-07,rs2523504,3.29913000196093e-14
6,BTN3A1,89,1e+06,26402464,26415444,802.604742061423,9.99999000001e-07,rs10946822,3.91741999999997e-06
6,BTN3A3,64,1e+06,26440699,26453643,383.638002585833,9.99999000001e-07,rs1057923,3.98528999999995e-06
6,C6orf10,971,1e+06,32260474,32339689,8634.30988908231,9.99999000001e-07,rs742697,1.16611e-10
6,CDSN,57,1e+06,31082864,31088252,763.398868141175,9.99999000001e-07,rs3130981,7.44561000000026e-15
6,CFB,36,1e+06,31913720,31919861,167.260044871376,9.99999000001e-07,rs4151657,1.27429999999998e-10
6,CRIP3,7,1e+06,43273210,43276530,186.408465497123,9.99999000001e-07,rs2254303,1.61324000000057e-12
6,CSNK2B,20,1e+06,31633656,31637847,170.65417650606,9.99999000001e-07,rs3117578,3.57520000000005e-10
6,DDAH2,19,1e+06,31694816,31698039,109.621394480744,9.99999000001e-07,rs9267551,7.07034000000013e-10
6,DDX39B,137,1e+06,31497995,31514625,1785.53959330824,9.99999000001e-07,rs2523504,3.29913000196093e-14
6,HCG26,19,1e+06,31439005,31440185,259.789406539053,9.99999000001e-07,rs14597,4.11083000000008e-08
6,HFE,39,1e+06,26087508,26095469,293.965983475771,9.99999000001e-07,rs2032451,2.11786999999999e-16
6,HIST1H2BK,31,1e+06,27106071,27114637,169.295541055019,9.99999000001e-07,rs12205921,1.52862000000003e-05
6,HIVEP2,830,1e+06,143072603,143266338,4514.23914224382,9.99999000001e-07,rs198645,1.49589000000002e-12
6,HLA-C,14,1e+06,31236525,31239913,90.7492482105974,9.99999000001e-07,rs1065711,3.19374e-11
6,HLA-DOB,52,1e+06,32780539,32784825,402.991543050112,9.99999000001e-07,rs2071479,2.92685000080355e-14
6,HLA-DQA1,17,1e+06,32605182,32611429,280.429496497689,9.99999000001e-07,rs9272962,1.69590000000003e-10
6,HLA-DQB1,162,1e+06,32627240,32634466,2045.94491962323,9.99999000001e-07,rs9273410,9.49947999999987e-11
6,HLA-DRA,73,1e+06,32407618,32412826,580.255795519112,9.99999000001e-07,rs6911419,8.58559000000016e-09
6,HSPA1L,28,1e+06,31777395,31782835,137.250148158447,9.99999000001e-07,rs2075800,6.41282999999984e-09
6,IRAK1BP1,118,1e+06,79577260,79610683,1874.59951702859,9.99999000001e-07,rs2321895,9.08866000000006e-17
6,LOC100507547,6,1e+06,32120578,32122142,86.0022834526256,9.99999000001e-07,rs1053924,8.66563000300451e-14
6,LSM2,48,1e+06,31765168,31774761,185.860054408632,9.99999000001e-07,rs1150748,4.88314999999992e-09
6,LY6G5B,11,1e+06,31638727,31640227,85.2959340304854,9.99999000001e-07,rs3131377,8.93429000000001e-10
6,MCCD1,23,1e+06,31496738,31498008,381.434185329313,9.99999000001e-07,rs3130055,5.45507000473449e-14
6,MUC22,466,1e+06,30973728,31003179,2709.07106928646,9.99999000001e-07,rs3094672,4.80895000000002e-09
6,NOTCH4,205,1e+06,32162619,32191844,2097.7742325513,9.99999000001e-07,rs3130293,1.01205000740512e-14
6,PBX2,28,1e+06,32152509,32157963,146.444191835607,9.99999000001e-07,rs142133022,2.23603999999997e-09
6,PHIP,512,1e+06,79644135,79788011,7250.94314350104,9.99999000001e-07,rs9352691,4.54882999999998e-17
6,PLEKHG1,1459,1e+06,150920998,151164799,6940.74513044251,9.99999000001e-07,rs17080102,3.90390999999949e-24
6,PPT2-EGFL8,74,1e+06,32121775,32136062,371.418363312468,9.99999000001e-07,rs3134950,1.77705000002045e-13
6,PRRC2A,114,1e+06,31588449,31605554,991.284569177741,9.99999000001e-07,rs2260051,7.91225000000009e-15
6,PRRT1,4,1e+06,32116139,32119720,42.3631268408643,9.99999000001e-07,rs114334832,9.49751999999979e-09
6,PSORS1C1,295,1e+06,31082607,31107869,2527.29140685361,9.99999000001e-07,rs3131004,6.31829999999991e-16
6,PSORS1C3,65,1e+06,31141511,31145676,1087.87269855719,9.99999000001e-07,rs3094189,4.63234000006386e-13
6,SLC17A3,135,1e+06,25845327,25874471,1696.59043132418,9.99999000001e-07,rs62394299,6.32557000000016e-15
6,SLC22A7,23,1e+06,43265997,43273276,278.784551653957,9.99999000001e-07,rs2270860,2.03750999999999e-16
6,SNORA38,2,1e+06,31590855,31590987,51.9320675948843,9.99999000001e-07,rs2736172,1.51670000000007e-12
6,TCF19,40,1e+06,31126302,31131992,390.638244596414,9.99999000001e-07,rs9263788,1.58562e-11
6,TRIM38,108,1e+06,25962916,25987557,527.482083333674,9.99999000001e-07,rs72832602,3.29837e-15
6,ZNF318,99,1e+06,43303807,43337181,926.833762103641,9.99999000001e-07,rs7692,2.88204e-17
7,GTF2IRD2_1,23,1e+06,74210482,74267872,136.101774690846,9.99999000001e-07,rs707394,5.25363999999995e-07
7,HOXA10,28,1e+06,27210209,27219880,345.061195325853,9.99999000001e-07,rs116405758,3.47376000000012e-15
7,HOXA3,68,1e+06,27145808,27166639,876.66372603362,9.99999000001e-07,rs61384251,1.00577000000001e-18
7,HOXA-AS3,63,1e+06,27179982,27195547,876.741463828616,9.99999000001e-07,rs11983200,7.14003000000011e-21
7,KCNH2,142,1e+06,150642043,150675402,1463.32300403051,9.99999000001e-07,rs3807370,4.75554e-20
7,NOS3,96,1e+06,150688143,150711687,2000.54702634197,9.99999000001e-07,rs3918226,1.77215000000019e-60
7,PMS2P5_2,31,1e+06,74306886,74336166,161.853079229421,9.99999000001e-07,rs368033883,7.77249000000011e-07
7,REPIN1,25,1e+06,150065878,150071133,306.568042005487,9.99999000001e-07,rs17173702,1.67961999999998e-09
7,RSPH10B_1,36,1e+06,5965776,6010314,92.4670848983981,9.99999000001e-07,rs543414751,2.43191999999996e-05
7,RSPH10B2_1,36,1e+06,5965776,6010314,92.4670848983981,9.99999000001e-07,rs543414751,2.43191999999996e-05
7,SNX10,452,1e+06,26331514,26413949,4653.57739824741,9.99999000001e-07,rs4563785,2.42382000000007e-15
7,TAX1BP1,343,1e+06,27778991,27869386,2527.66475717241,9.99999000001e-07,rs118164901,1.38516000000206e-14
7,ASIC3,19,1e+06,150745378,150749843,85.1475779399297,9.99999000001e-07,rs62001896,2.28364999999998e-09
7,ATG9B,51,1e+06,150709296,150721586,370.174058112511,9.99999000001e-07,rs3918239,4.18408000000001e-19
7,C1GALT1,568,1e+06,7222245,7288280,5233.36910508291,9.99999000001e-07,rs4724960,1.42824000000148e-12
7,DTX2P1-UPK3BP1-PMS2P11,97,1e+06,76610138,76653076,754.031642432257,9.99999000001e-07,rs36036189,1.40812e-09
7,EVX1,17,1e+06,27282163,27286192,162.315959286145,9.99999000001e-07,rs17473004,2.26464000000006e-17
7,HIPK2,832,1e+06,139246315,139477693,3104.72286726471,9.99999000001e-07,rs141212865,9.69951000000016e-06
7,HOTTIP,36,1e+06,27240039,27246878,1642.44140889987,9.99999000001e-07,rs3735533,2.1443700000001e-48
7,HOXA10-HOXA9,67,1e+06,27202056,27219880,588.211852057757,9.99999000001e-07,rs116405758,3.47376000000012e-15
7,HOXA11,22,1e+06,27220775,27224835,321.178306108032,9.99999000001e-07,rs6461992,2.24439999999949e-30
7,HOXA11-AS,18,1e+06,27225026,27228912,200.612876866341,9.99999000001e-07,rs147903450,1.89844999999999e-16
7,HOXA13,14,1e+06,27236498,27239725,666.466774094287,9.99999000001e-07,rs2071265,5.99101000000121e-46
7,HOXA4,12,1e+06,27168125,27170399,264.580996056878,9.99999000001e-07,rs6962314,1.46555000000003e-18
7,HOXA6,6,1e+06,27185201,27187393,149.293868555033,9.99999000001e-07,rs11983200,7.14003000000011e-21
7,HOXA7,17,1e+06,27193337,27196296,120.842624570764,9.99999000001e-07,rs2301720,2.99985000000493e-13
7,HOXA9,67,1e+06,27202056,27219880,588.211852057757,9.99999000001e-07,rs116405758,3.47376000000012e-15
7,LINC01006,755,1e+06,156264792,156395889,3315.0962847124,9.99999000001e-07,rs62494194,2.58416000000007e-09
7,MET,403,1e+06,116312458,116438440,1920.72257678848,9.99999000001e-07,rs193686,6.0256000000002e-12
7,ZNF746,108,1e+06,149169883,149194898,821.035193208907,9.99999000001e-07,rs36123478,2.09923000000004e-10
7,ZNF767P,450,1e+06,149244244,149321881,3577.87847608863,9.99999000001e-07,rs1859584,6.54034000000008e-09
7,ZNF777,118,1e+06,149128453,149158053,911.263837363244,9.99999000001e-07,rs10254149,1.75444999999997e-08
8,FAM86B3P,144,1e+06,8086091,8102387,1543.96022916176,9.99999000001e-07,rs13258063,7.11869000000015e-12
8,LOC100133267_2,2,1e+06,12168470,12175825,31.3614334114051,9.99999000001e-07,rs140730217,1.05749999999998e-06
8,NPM2,62,1e+06,21881620,21894408,244.431195136552,9.99999000001e-07,rs71513857,0.00195142
8,PURG,138,1e+06,30853320,30891231,850.497125237141,9.99999000001e-07,rs11300929,3.70919999999996e-09
8,ANGPT2,628,1e+06,6357174,6420784,3512.30404920236,9.99999000001e-07,rs2442466,3.25513999999997e-09
8,AZIN1,189,1e+06,103838535,103876397,1508.89560253833,9.99999000001e-07,rs2513936,3.15762000000001e-08
8,BLK,606,1e+06,11351520,11422108,6024.41533075377,9.99999000001e-07,rs1478890,3.99392999999995e-15
8,C8orf12,563,1e+06,11225910,11296166,8597.3321622044,9.99999000001e-07,rs34482136,1.68151000000005e-15
8,CLDN23,19,1e+06,8559665,8561617,259.410412732972,9.99999000001e-07,rs12153,1.93539999999998e-07
8,CYP11B1,69,1e+06,143953772,143961236,892.826620150832,9.99999000001e-07,rs28551743,6.21012000000006e-11
8,CYP11B2,71,1e+06,143991974,143999259,936.952532615108,9.99999000001e-07,rs3802228,4.05976000000016e-12
8,DEFB134,15,1e+06,11851488,11853760,177.632597883846,9.99999000001e-07,rs6601647,1.27262000000001e-11
8,DEFB136,6,1e+06,11831445,11832108,128.54457135617,9.99999000001e-07,rs7461062,8.37722000000002e-12
8,ERI1,246,1e+06,8860313,8890849,1983.00608562256,9.99999000001e-07,rs6987558,1.69356000007697e-13
8,FAM167A,409,1e+06,11278972,11324276,2872.80612482657,9.99999000001e-07,rs2409764,1.29330000000019e-13
8,GATA4,375,1e+06,11561716,11617509,2246.23366212319,9.99999000001e-07,rs2898295,6.41844999999994e-10
8,INTS8,307,1e+06,95835517,95892721,2052.43109173702,9.99999000001e-07,rs7465101,8.00644999999999e-10
8,LINC00208,34,1e+06,11434043,11438850,460.863323908433,9.99999000001e-07,rs10108511,9.8582500006527e-14
8,LINC00599,16,1e+06,9757573,9760839,124.207688760572,9.99999000001e-07,rs2272026,1.65546000000002e-07
8,LY6E,18,1e+06,144099901,144103827,122.857654591053,9.99999000001e-07,rs1130985,6.42732000000013e-08
8,MFHAS1,886,1e+06,8641998,8751131,8454.79574843915,9.99999000001e-07,rs408459,5.63638000091846e-14
8,MTMR9,230,1e+06,11141999,11185654,1985.08537792295,9.99999000001e-07,rs2572398,1.15664000011041e-13
8,NEIL2,162,1e+06,11627171,11644854,1434.49753295363,9.99999000001e-07,rs804267,1.03419e-11
8,PINX1,636,1e+06,10622470,10697409,6347.28238049383,9.99999000001e-07,rs4321967,3.19521e-15
8,RP1L1,358,1e+06,10463859,10512617,1877.68713316824,9.99999000001e-07,rs35602868,1.10053000091452e-14
8,SGK223,429,1e+06,8175257,8239344,2473.23065392128,9.99999000001e-07,rs13282599,4.81725999999998e-12
8,SLC35G5,12,1e+06,11188494,11189695,253.516397184061,9.99999000001e-07,rs2736268,2.34315000005204e-13
8,SOX7,46,1e+06,10581277,10588084,540.047454277235,9.99999000001e-07,rs6601512,4.35311000002348e-13
8,TDH,184,1e+06,11197145,11225961,2452.22155028731,9.99999000001e-07,rs2249804,3.81944000004405e-14
8,TNKS,1476,1e+06,9413444,9639856,10955.0817303692,9.99999000001e-07,rs4075359,1.35675000000001e-11
8,XKR6,1927,1e+06,10753656,11058875,22607.0516181622,9.99999000001e-07,rs6992033,4.59198000000015e-17
9,CDKN2B-AS1,589,1e+06,21994789,22121093,4291.06525047956,9.99999000001e-07,rs1412834,1.4073400025347e-14
9,CNTFR,202,1e+06,34551429,34590138,1621.229829366,9.99999000001e-07,rs2381164,7.10559000000026e-12
9,IL11RA,24,1e+06,34652181,34661898,244.1046315569,9.99999000001e-07,rs3808868,1.92960999999999e-09
9,RALGPS1,1057,1e+06,129677052,129985445,6429.5586216835,9.99999000001e-07,rs56057522,1.84935000000002e-10
9,ANGPTL2,106,1e+06,129849627,129885044,619.349634633859,9.99999000001e-07,rs1281159,2.17165000000005e-07
9,ARID3C,24,1e+06,34621454,34628011,236.214740952314,9.99999000001e-07,rs13294896,7.18620999999987e-09
9,C9orf16,12,1e+06,130922538,130926207,150.964200164313,9.99999000001e-07,rs78656177,1.19955e-08
9,CDKN2B,589,1e+06,21994789,22121093,4291.06525047956,9.99999000001e-07,rs1412834,1.4073400025347e-14
9,CNTFR-AS1,81,1e+06,34568009,34583070,697.764802964715,9.99999000001e-07,rs10758268,2.69214999999997e-11
9,DBH,183,1e+06,136501484,136524466,1334.56079333846,9.99999000001e-07,rs77273740,1.09219000000017e-46
9,DCTN3,13,1e+06,34613541,34620520,127.068057471444,9.99999000001e-07,rs7865283,2.14833000000001e-09
9,DNAI1,236,1e+06,34458749,34520987,1009.18694570282,9.99999000001e-07,rs4879795,3.31604000000005e-06
9,DNM1,223,1e+06,130965633,131017527,1479.18473180393,9.99999000001e-07,rs113574484,1.90823e-09
9,FAM219A,267,1e+06,34398181,34458568,1415.68423136998,9.99999000001e-07,rs7030592,1.51541000000004e-06
9,HRCT1,7,1e+06,35906188,35907138,96.6603549008666,9.99999000001e-07,rs76452347,2.16571000000006e-12
9,LCN2,18,1e+06,130911731,130915734,83.8001358253333,9.99999000001e-07,rs2232624,1.37838000000003e-07
9,SLC27A4,97,1e+06,131102838,131123749,565.546355125868,9.99999000001e-07,rs9695345,7.85272000000007e-09
9,SWI5,50,1e+06,131038424,131051268,398.192451412304,9.99999000001e-07,rs147696382,5.51353000000008e-08
9,TRUB2,57,1e+06,131071395,131084697,284.265346115137,9.99999000001e-07,rs3051287,9.94854999999999e-09
9,URM1,84,1e+06,131133597,131154295,404.993047487341,9.99999000001e-07,rs2286814,1.49575000000002e-06
9,ZBTB34,73,1e+06,129622943,129648156,481.607577612198,9.99999000001e-07,rs10819243,5.13038999999989e-10
10,CNNM2,681,1e+06,104678074,104838344,9492.04295660242,9.99999000001e-07,rs12411886,1.90809999999951e-26
10,FAM213A,112,1e+06,82167584,82192753,642.372386846897,9.99999000001e-07,rs66586255,2.78227000000002e-08
10,GSTO1,39,1e+06,106013951,106027222,226.704126055247,9.99999000001e-07,rs12571959,5.60866999999999e-10
10,GSTO2,106,1e+06,106028630,106059176,844.186629496973,9.99999000001e-07,rs157079,4.42353999999993e-10
10,ITPRIP,125,1e+06,106069453,106098251,857.785365262071,9.99999000001e-07,rs3740465,6.27768999999999e-10
10,KCNIP2,56,1e+06,103585730,103603677,363.421468932513,9.99999000001e-07,rs114132090,2.30038000000006e-09
10,MLLT10,531,1e+06,21823100,22032559,2229.2538947671,9.99999000001e-07,rs141068358,3.52566000000001e-10
10,PLCE1,1429,1e+06,95753745,96088148,8095.91936077001,9.99999000001e-07,rs2274224,3.93822000000004e-18
10,PTPRE,1121,1e+06,129705324,129884164,2821.49294641864,9.99999000001e-07,rs11015994,1.30911999999996e-08
10,SFR1,24,1e+06,105881815,105886143,264.594769868128,9.99999000001e-07,rs60267411,1.67148000000002e-15
10,SORBS1,1309,1e+06,97071529,97321177,4698.47420964754,9.99999000001e-07,rs1536444,8.56465999999993e-08
10,ADO,14,1e+06,64564515,64568239,143.220248912733,9.99999000001e-07,rs2236295,5.2882300000001e-10
10,ADRB1,6,1e+06,115803805,115806667,151.109665127539,9.99999000001e-07,rs1801253,5.78894999999996e-23
10,AS3MT,158,1e+06,104629209,104661655,2153.88050783663,9.99999000001e-07,rs11191447,2.20342999999959e-26
10,BICC1,1289,1e+06,60272903,60588845,8134.51182917356,9.99999000001e-07,rs1658438,1.74133000000002e-06
10,C10orf107,562,1e+06,63422718,63526091,3945.48520552798,9.99999000001e-07,rs57541197,5.12743000000015e-16
10,C10orf32,38,1e+06,104613966,104624718,389.633072190494,9.99999000001e-07,rs4409766,3.96735000000086e-24
10,C10orf32-ASMT,213,1e+06,104613966,104661655,2905.04449325143,9.99999000001e-07,rs11191447,2.20342999999959e-26
10,C10orf76,631,1e+06,103605355,103815932,2788.63139629232,9.99999000001e-07,rs34672664,4.01061000000002e-10
10,COL17A1,232,1e+06,105791045,105845638,3545.55534096723,9.99999000001e-07,rs805698,6.95504999999995e-16
10,CYP17A1,28,1e+06,104590287,104597290,523.528307140656,9.99999000001e-07,rs1004467,1.95118999999997e-23
10,KCNIP2-AS1,28,1e+06,103578824,103588646,252.724160926136,9.99999000001e-07,rs79515366,2.29789000000007e-09
10,LINC00857,40,1e+06,81967465,81979413,183.487104442354,9.99999000001e-07,rs10887653,6.62034000000012e-07
10,MGEA5,103,1e+06,103544199,103578222,487.196253493326,9.99999000001e-07,rs3758557,2.30271000000004e-09
10,NOC3L,136,1e+06,96092988,96122683,1287.70636572394,9.99999000001e-07,rs816278,4.96478000000007e-12
10,NRBF2,91,1e+06,64893006,64914791,451.326250639343,9.99999000001e-07,rs35125633,1.49309999999997e-09
10,NT5C2,428,1e+06,104847773,104953063,6962.41337165813,9.99999000001e-07,rs10786736,5.58085000000078e-27
10,PLCE1-AS1,24,1e+06,96039046,96046827,306.816905751864,9.99999000001e-07,rs2274224,3.93822000000004e-18
10,REEP3,418,1e+06,65281122,65384883,3356.41979984576,9.99999000001e-07,rs1864390,2.09358000000003e-09
10,SH3PXD2A,1166,1e+06,105353783,105615164,4569.11304161736,9.99999000001e-07,rs142959056,4.78078999999994e-16
10,SLK,301,1e+06,105727469,105787342,4916.02446656009,9.99999000001e-07,rs544892436,1.62218000000001e-15
10,TSPAN14,346,1e+06,82214037,82282391,1780.30658606126,9.99999000001e-07,rs4934189,2.17885999999996e-09
10,WDR96,415,1e+06,105889645,105992120,2441.97674524898,9.99999000001e-07,rs73331568,1.67148000000002e-15
11,BDNF-AS,727,1e+06,27528398,27719718,3995.72272510025,9.99999000001e-07,rs74850817,2.67362000000002e-11
11,CAPN1,115,1e+06,64948685,64979477,771.252063250851,9.99999000001e-07,rs2271450,2.02669999999996e-06
11,CCDC34,98,1e+06,27360060,27384795,425.38940342389,9.99999000001e-07,rs2127061,6.37441000000012e-09
11,KCNJ11,16,1e+06,17406795,17410878,132.574954505945,9.99999000001e-07,rs5219,1.32391000000002e-08
11,LSP1,263,1e+06,1874199,1913493,5649.80278236607,9.99999000001e-07,rs612652,4.12667000000029e-31
11,MARK2,256,1e+06,63606399,63678492,1603.33591509984,9.99999000001e-07,rs61886127,8.2123999999998e-06
11,MEN1,25,1e+06,64570985,64578766,191.720346182192,9.99999000001e-07,rs11335918,1.45307999999999e-08
11,PAFAH1B2,178,1e+06,117014999,117048889,1089.21055152122,9.99999000001e-07,rs2127905,6.25417000000014e-08
11,PTPRJ,654,1e+06,48002109,48192394,3956.77391666064,9.99999000001e-07,rs7949985,1.43784e-09
11,SIPA1,45,1e+06,65405577,65418391,192.111929609578,9.99999000001e-07,rs2306363,4.82970000000003e-10
11,SLC22A20,105,1e+06,64981310,65010228,931.433718578091,9.99999000001e-07,rs184734,8.76617000000007e-09
11,SLC43A3,76,1e+06,57174426,57195053,527.13322207756,9.99999000001e-07,rs7106223,9.01985999999987e-11
11,WT1,253,1e+06,32409321,32457081,3078.78378218571,9.99999000001e-07,rs5030320,2.58874999999995e-10
11,AGBL2,223,1e+06,47681142,47736928,1693.6359404882,9.99999000001e-07,rs10450571,5.45632000000011e-11
11,AP5B1,22,1e+06,65541368,65548062,182.227794384454,9.99999000001e-07,rs489574,3.51884000000006e-11
11,APOA1,13,1e+06,116706468,116708338,110.382634615637,9.99999000001e-07,rs7116797,6.17916999999994e-07
11,APOA5,19,1e+06,116660085,116663136,107.111951945103,9.99999000001e-07,rs2072560,1.80851000000001e-06
11,C11orf21,48,1e+06,2317506,2323143,583.676322121173,9.99999000001e-07,rs74048205,4.47940000000011e-09
11,CAND1.11,774,1e+06,10329859,10452220,4994.58530599723,9.99999000001e-07,rs72851658,1.42725000000004e-16
11,CTSW,25,1e+06,65647283,65651212,113.478794450012,9.99999000001e-07,rs645900,2.29841999999997e-05
11,DCDC5,402,1e+06,30885149,31014233,3162.01379986595,9.99999000001e-07,rs35202771,1.78101999999997e-08
11,DPF2,54,1e+06,65101224,65120451,233.505333396885,9.99999000001e-07,rs4930290,1.0636e-06
11,KAT5,35,1e+06,65479472,65487077,219.55609393458,9.99999000001e-07,rs2236682,5.68053999999995e-06
11,KIF18A,271,1e+06,28042162,28129746,2152.21821925751,9.99999000001e-07,rs117596282,2.37083000000088e-13
11,KRTAP5-3,12,1e+06,1628794,1629693,92.7334196486071,9.99999000001e-07,rs57186801,4.99389999999989e-07
11,LGR4,397,1e+06,27387507,27494334,2459.36410800354,9.99999000001e-07,rs10835183,2.76822001202192e-14
11,LIN7C,57,1e+06,27515964,27528326,322.825569295799,9.99999000001e-07,rs56257459,5.9401899999999e-10
11,LOC440028,27,1e+06,9776316,9781080,260.772066779282,9.99999000001e-07,rs4910499,6.44466000000024e-12
11,LRRC10B,8,1e+06,61276271,61278490,463.687446931753,9.99999000001e-07,rs751984,1.86466000000017e-24
11,METTL15,739,1e+06,28129797,28355054,5233.06842737819,9.99999000001e-07,rs61889025,7.1729900000001e-15
11,MYBPC3,91,1e+06,47352956,47374253,496.682950475917,9.99999000001e-07,rs2697923,2.03717999999998e-07
11,NCR3LG1,123,1e+06,17373308,17398868,701.28222104754,9.99999000001e-07,rs10832776,3.37544000000002e-09
11,NUCB2,192,1e+06,17298285,17353070,1061.70756190963,9.99999000001e-07,rs214083,5.99046000000014e-07
11,NUP160,309,1e+06,47799669,47870057,2229.76696507441,9.99999000001e-07,rs12279350,9.39895999999983e-08
11,OR4B1,4,1e+06,48238361,48239291,38.4719211508248,9.99999000001e-07,rs10838833,8.56229000000001e-07
11,OR4C12,4,1e+06,50003008,50004071,42.5243162313987,9.99999000001e-07,rs192815926,9.71471000000001e-07
11,OR4C45,57,1e+06,48366899,48373999,429.46185450069,9.99999000001e-07,rs7941588,2.42872999999998e-07
11,OVOL1,54,1e+06,65554504,65564690,513.998556044399,9.99999000001e-07,rs644740,5.47394000000011e-15
11,PCNXL3,78,1e+06,65383782,65404910,393.989971760637,9.99999000001e-07,rs4930295,8.85155999999977e-08
11,PIK3C2A,297,1e+06,17108123,17191354,1503.31526484194,9.99999000001e-07,rs7478986,4.62062000000006e-08
11,PLEKHA7,1282,1e+06,16809206,17035963,4989.33511351539,9.99999000001e-07,rs11024074,1.48830000000001e-08
11,POLA2,95,1e+06,65029431,65065088,623.037430794561,9.99999000001e-07,rs150811477,9.56930000000022e-07
11,PPP1R32,44,1e+06,61248584,61258400,400.744374413805,9.99999000001e-07,rs374478547,2.14694000000002e-08
11,RELA,35,1e+06,65421066,65430443,217.900956989329,9.99999000001e-07,rs11568300,2.39718000000004e-08
11,SBF2,3007,1e+06,9800213,10315754,23872.7241319454,9.99999000001e-07,rs61877050,7.59277000000013e-17
11,SBF2-AS1,273,1e+06,9779839,9832866,1416.52092122483,9.99999000001e-07,rs34053083,3.55721000000003e-08
11,SYT7,275,1e+06,61281187,61348344,1467.81752911973,9.99999000001e-07,rs12808337,1.86896000000001e-19
11,TNNT3,122,1e+06,1940798,1959936,1437.07582478215,9.99999000001e-07,rs735955,5.18799999999993e-19
11,UBASH3B,907,1e+06,122526397,122685187,2759.65904055906,9.99999000001e-07,rs7129204,1.08718000000002e-11
11,WT1-AS,41,1e+06,32457284,32461620,598.955728872108,9.99999000001e-07,rs2301251,6.47977999999986e-10
12,ACVRL1,89,1e+06,52301201,52317145,522.658661117275,9.99999000001e-07,rs7956340,4.98724000000004e-08
12,APOLD1,329,1e+06,12878850,12944399,1176.69598201764,9.99999000001e-07,rs12828438,8.65365999999999e-16
12,BIN2,253,1e+06,51674821,51718464,2261.52597619539,9.99999000001e-07,rs150710639,2.10034000000001e-07
12,CSAD,89,1e+06,53551446,53574693,508.136779587673,9.99999000001e-07,rs7139122,1.67109000000012e-28
12,GIT2,263,1e+06,110367606,110434194,1935.71680892474,9.99999000001e-07,rs7314498,5.07808999999994e-09
12,HOTAIR,51,1e+06,54356091,54368740,548.098122231758,9.99999000001e-07,rs118028229,3.62443000000002e-07
12,HOXC4,144,1e+06,54410635,54449814,4420.38215303512,9.99999000001e-07,rs754133,1.02329000000004e-32
12,HOXC5,67,1e+06,54410635,54429144,2521.92374662577,9.99999000001e-07,rs754133,1.02329000000004e-32
12,HOXC6,50,1e+06,54410635,54424607,1787.71973965948,9.99999000001e-07,rs754133,1.02329000000004e-32
12,KRT8,270,1e+06,53290970,53343650,1595.1491765061,9.99999000001e-07,rs138182447,9.10751999999877e-28
12,LIMA1,295,1e+06,50569562,50677353,3418.26029137844,9.99999000001e-07,rs4883481,1.43978999999998e-22
12,MFSD5,11,1e+06,53645369,53648190,196.840376391344,9.99999000001e-07,rs148152366,4.28153999999999e-11
12,PTGES3,104,1e+06,57057124,57082192,736.110105557464,9.99999000001e-07,rs7309526,1.30592999999999e-08
12,PTPN11,240,1e+06,112856535,112947717,1570.91863219263,9.99999000001e-07,rs11066301,5.51314999999873e-28
12,RARG,72,1e+06,53604349,53626040,446.764660716961,9.99999000001e-07,rs145393179,1.05405000000002e-08
12,SH2B3,127,1e+06,111843751,111889427,1531.25375645346,9.99999000001e-07,rs3184504,1.95074000000001e-39
12,TCHP,93,1e+06,110338078,110355874,1088.53745416143,9.99999000001e-07,rs11068852,3.81206000000003e-09
12,TENC1,81,1e+06,53440809,53458162,1013.45445981255,9.99999000001e-07,rs151036307,7.88315000000035e-39
12,TRPV4,243,1e+06,110220891,110271212,1150.29825483247,9.99999000001e-07,rs77877120,2.65454e-10
12,ACAD10,203,1e+06,112123856,112194911,2486.72284626449,9.99999000001e-07,rs847888,2.02022999999981e-31
12,ADAM1A,14,1e+06,112336866,112339706,181.300836689619,9.99999000001e-07,rs3742000,2.06224e-10
12,ALDH2,129,1e+06,112204690,112247789,1143.27839563047,9.99999000001e-07,rs2238151,1.34307000000004e-17
12,ANKRD13A,158,1e+06,110437234,110477235,1190.77133168289,9.99999000001e-07,rs59547241,5.78869000000013e-09
12,AQP5,20,1e+06,50355278,50359465,106.729828096512,9.99999000001e-07,rs296756,4.43486000000007e-07
12,ATF1,212,1e+06,51157788,51214943,3137.20824382995,9.99999000001e-07,rs61926302,8.88792000000014e-16
12,ATP2B1,212,1e+06,89981825,90049844,2510.58030568442,9.99999000001e-07,rs11105337,3.33580000000031e-24
12,ATXN2,415,1e+06,111890017,112037480,4543.94993904194,9.99999000001e-07,rs653178,1.10814999999996e-39
12,BRAP,110,1e+06,112079949,112123790,1031.44298952002,9.99999000001e-07,rs11065991,3.56204999999945e-32
12,C12orf76,108,1e+06,110478982,110505500,752.220501603156,9.99999000001e-07,rs1974706,5.89670999999997e-09
12,C1QL4,27,1e+06,49726199,49730971,190.820687521977,9.99999000001e-07,rs146137821,1.0422e-07
12,CDKN1B,27,1e+06,12870203,12875316,199.254886274779,9.99999000001e-07,rs34328,1.81343000005667e-13
12,CERS5,127,1e+06,50523088,50561316,3275.09001287961,9.99999000001e-07,rs76919525,7.26775000000021e-24
12,COX14,42,1e+06,50505763,50514240,684.584682949218,9.99999000001e-07,rs7967705,6.64966999999992e-23
12,CPSF6,123,1e+06,69633316,69668138,750.009815509439,9.99999000001e-07,rs12184493,1.7248e-08
12,CUX2,1068,1e+06,111471827,111788358,10014.0841371794,9.99999000001e-07,rs1265564,8.33873000000027e-27
12,DIP2B,817,1e+06,50898767,51142450,5946.2101409805,9.99999000001e-07,rs61927854,6.22873999999998e-15
12,ERP29,27,1e+06,112451151,112461024,183.213045451074,9.99999000001e-07,rs7114,5.95045000000003e-08
12,FAIM2,202,1e+06,50260678,50297760,1402.25792640629,9.99999000001e-07,rs706797,4.2634399999999e-10
12,FAM109A,32,1e+06,111798454,111806925,527.789877102629,9.99999000001e-07,rs10849938,7.19614999999988e-18
12,FLJ12825,263,1e+06,54452037,54516018,1842.31022577871,9.99999000001e-07,rs61921810,1.93598000000008e-12
12,GPD1,24,1e+06,50497601,50505103,279.057033954521,9.99999000001e-07,rs836180,5.42874999999993e-23
12,GPR19,139,1e+06,12813994,12849121,748.206474613691,9.99999000001e-07,rs719839,2.45222e-08
12,HDAC7,216,1e+06,48176506,48213763,1081.60317321153,9.99999000001e-07,rs9645810,6.73814000000005e-08
12,HECTD4,670,1e+06,112597991,112819896,5050.7617594858,9.99999000001e-07,rs11066188,1.39927000000009e-30
12,HOXC12,12,1e+06,54348713,54350350,95.7502133802675,9.99999000001e-07,rs10783615,9.11696000000005e-07
12,HOXC9,16,1e+06,54393876,54397120,328.34521598388,9.99999000001e-07,rs1867297,1.36300999999999e-17
12,HOXC-AS1,3,1e+06,54392805,54393794,255.359464173522,9.99999000001e-07,rs56154542,5.22275999999998e-21
12,IGFBP6,17,1e+06,53491435,53496128,136.855917824909,9.99999000001e-07,rs9658614,2.68379999999996e-08
12,LINC00936,14,1e+06,90102731,90105729,224.905373875588,9.99999000001e-07,rs2280715,9.3067899999999e-21
12,LOC100240734,4,1e+06,54495992,54496483,94.9484750495415,9.99999000001e-07,rs12308675,2.62458000000004e-10
12,LOC100506393,593,1e+06,20167618,20251802,4927.86498659515,9.99999000001e-07,rs11044985,3.30879999999998e-09
12,LOC100652999,8,1e+06,53907767,53911392,123.033935253299,9.99999000001e-07,rs17696207,8.74782000000019e-22
12,LOC101927267,191,1e+06,49686413,49718359,1478.49453780209,9.99999000001e-07,rs12313488,1.11876999999999e-10
12,MAP3K12,50,1e+06,53874275,53893444,314.276982026993,9.99999000001e-07,rs139409816,1.5021e-22
12,MAPKAPK5,206,1e+06,112280031,112331228,3311.70827233784,9.99999000001e-07,rs4346023,3.05141000000007e-11
12,MAPKAPK5-AS1,17,1e+06,112277572,112280706,145.513612498228,9.99999000001e-07,rs2879603,6.85820000000014e-10
12,MIR196A2,1,1e+06,54385521,54385631,103.627422902722,9.99999000001e-07,rs11614913,2.44173999999983e-24
12,NAA25,229,1e+06,112464492,112546635,1795.0667547906,9.99999000001e-07,rs17696736,9.63828999999813e-28
12,PCBP2,90,1e+06,53845885,53874946,375.993405786473,9.99999000001e-07,rs17695879,4.10582000000006e-22
12,PRPH,12,1e+06,49688908,49692481,123.747350168491,9.99999000001e-07,rs7488343,1.37499000000001e-06
12,RPL6,15,1e+06,112842993,112847443,120.109665160494,9.99999000001e-07,rs2233861,4.42262000000005e-10
12,RPS26,9,1e+06,56435685,56438007,55.0761756181302,9.99999000001e-07,rs192154194,1.75970999999996e-05
12,SMARCD1,42,1e+06,50478982,50494494,418.782818423468,9.99999000001e-07,rs836170,6.01437000000014e-09
12,SOAT2,140,1e+06,53497273,53518323,2011.0596748534,9.99999000001e-07,rs7308390,1.16693999999999e-10
12,SPRYD3,55,1e+06,53458099,53473204,778.153006059465,9.99999000001e-07,rs150819866,2.38561000000027e-35
12,TMEM116,270,1e+06,112369086,112451023,3976.05124550866,9.99999000001e-07,rs4767284,3.72648999999994e-11
12,TRAFD1,78,1e+06,112563348,112591408,539.293860681975,9.99999000001e-07,rs6489828,2.69004999999998e-10
13,CDC16,208,1e+06,115000361,115038150,1935.16994564549,9.99999000001e-07,rs9590406,3.39319999999994e-10
13,SLC7A1,415,1e+06,30083550,30169825,2619.66430248889,9.99999000001e-07,rs9508490,4.1908300000064e-13
14,WARS,237,1e+06,100800124,100842680,2083.0420332485,9.99999000001e-07,rs3835003,4.15499000000008e-07
14,CKB,12,1e+06,103985994,103989196,109.410408886644,9.99999000001e-07,rs1136165,2.83008999999996e-11
14,MARK3,532,1e+06,103851700,103970166,5605.57086272009,9.99999000001e-07,rs3825566,1.03232999999999e-10
14,TRMT61A,44,1e+06,103995508,104003410,348.795202323231,9.99999000001e-07,rs1022736,8.64668999999984e-10
15,FES,53,1e+06,91427664,91439006,2410.82480123611,9.99999000001e-07,rs35346340,3.22106999999957e-34
15,FURIN,53,1e+06,91411821,91426688,1556.00071714607,9.99999000001e-07,rs6227,3.11172000000009e-34
15,ABHD17C,341,1e+06,80987651,81047962,4320.32067597657,9.99999000001e-07,rs7174038,3.64922000000009e-19
15,ARNT2,976,1e+06,80696691,80890277,3389.04777327604,9.99999000001e-07,rs12594226,1.63602999999996e-07
15,CHAC1,19,1e+06,41245635,41248717,94.9052212102817,9.99999000001e-07,rs192347229,5.85005999999996e-09
15,CHP1,233,1e+06,41523436,41574083,3303.66016325045,9.99999000001e-07,rs7162443,8.17899999999987e-12
15,DENND4A,475,1e+06,65952956,66084631,5429.43945402422,9.99999000001e-07,rs12591647,3.81267999999996e-10
15,DLL4,34,1e+06,41221530,41231258,345.581232828943,9.99999000001e-07,rs186551124,2.17035000000005e-09
15,EXD1,302,1e+06,41474930,41522955,4098.76155280274,9.99999000001e-07,rs7170049,1.35083000000074e-12
15,HCN4,268,1e+06,73612199,73661605,1463.69893754707,9.99999000001e-07,rs512943,2.55234999999996e-09
15,IGDCC4,191,1e+06,65673824,65715410,840.591617477958,9.99999000001e-07,rs2289045,4.1348499999999e-10
15,INO80,671,1e+06,41271078,41408444,11991.5717377243,9.99999000001e-07,rs3101436,4.39238000000006e-15
15,ITPKA,44,1e+06,41786055,41795757,495.334855233434,9.99999000001e-07,rs61757104,2.60100000000004e-09
15,KLF13,245,1e+06,31619082,31670102,1309.03191604222,9.99999000001e-07,rs893065,1.32501000000003e-09
15,LINC01169,680,1e+06,66874527,66978136,3333.28817698926,9.99999000001e-07,rs12911761,3.40416000000006e-09
15,LOC101929076,24,1e+06,68126645,68131217,185.364866329348,9.99999000001e-07,rs73431926,3.14318999999993e-06
15,LTK,62,1e+06,41795839,41806085,370.462432130392,9.99999000001e-07,rs369649743,5.68498999999995e-09
15,MIR4513,1,1e+06,75081012,75081098,34.8598802036234,9.99999000001e-07,rs2168518,3.54307000000007e-09
15,NDUFAF1,64,1e+06,41679546,41694658,558.130995726623,9.99999000001e-07,rs186056056,3.42388999999993e-09
15,NUSAP1,190,1e+06,41624891,41673248,1658.49621795603,9.99999000001e-07,rs192967224,3.33648999999996e-09
15,OIP5,106,1e+06,41601465,41624819,955.658679348768,9.99999000001e-07,rs145648164,1.05079999999998e-08
15,OIP5-AS1,63,1e+06,41576200,41591795,578.415050335577,9.99999000001e-07,rs80024738,1.14297999999998e-08
15,RTF1,269,1e+06,41709301,41775761,2122.83926699648,9.99999000001e-07,rs140228772,3.42388999999993e-09
15,SCAMP2,87,1e+06,75137196,75165670,491.102139418299,9.99999000001e-07,rs3765066,1.65611000000003e-08
15,SKOR1,74,1e+06,68112041,68126174,581.427911389086,9.99999000001e-07,rs7171219,1.11593999999997e-09
15,ULK3,29,1e+06,75128456,75135687,238.126820915512,9.99999000001e-07,rs936228,3.14876000000002e-08
16,CES5A,711,1e+06,55880065,55989943,2687.51542903459,9.99999000001e-07,rs10852545,1.17170999999998e-05
16,DOC2A,32,1e+06,30016834,30024917,205.96110885065,9.99999000001e-07,rs3935873,1.26499999999997e-06
16,DPEP1,189,1e+06,89679715,89704839,992.095718101839,9.99999000001e-07,rs2460449,9.77462000000015e-10
16,MAPK3,36,1e+06,30125425,30134630,140.131426676689,9.99999000001e-07,rs36084237,1.81279999999998e-08
16,SPATA33,107,1e+06,89724151,89736866,997.401639943129,9.99999000001e-07,rs11645355,4.46375000000001e-12
16,TAOK2,51,1e+06,29985187,30003582,374.569160365381,9.99999000001e-07,rs4788204,1.13826000000001e-06
16,UBN1,210,1e+06,4897631,4932402,1528.70520916702,9.99999000001e-07,rs8056889,1.83971000000005e-08
16,ZNF276,181,1e+06,89786775,89807332,1052.96846086296,9.99999000001e-07,rs3809646,3.60113999999993e-08
16,ADCY9,984,1e+06,4012649,4166186,4264.81292942306,9.99999000001e-07,rs2230738,3.85283e-10
16,CDK10,68,1e+06,89753075,89762772,487.511925365318,9.99999000001e-07,rs11076612,1.29273999999999e-10
16,CFDP1,920,1e+06,75327607,75467387,10288.2078726823,9.99999000001e-07,rs12921808,9.52795999999995e-11
16,CHMP1A,104,1e+06,89710838,89724193,980.498941593657,9.99999000001e-07,rs7203947,1.40508000000001e-11
16,CHST6,114,1e+06,75507021,75528926,607.381837734605,9.99999000001e-07,rs2738809,1.34062999999997e-07
16,CORO7,292,1e+06,4404542,4466962,1327.81752686784,9.99999000001e-07,rs146524852,1.00300000020786e-13
16,EME2,30,1e+06,1823228,1826239,113.317900489191,9.99999000001e-07,rs761065,1.1065e-06
16,HS3ST6,65,1e+06,1961464,1968231,587.494774616353,9.99999000001e-07,rs71385724,7.38396999999995e-07
16,LOC100507501,53,1e+06,4295825,4303790,390.914297369991,9.99999000001e-07,rs182347305,2.96627000000003e-09
16,NUBP2,50,1e+06,1832923,1839192,347.417971765953,9.99999000001e-07,rs2235648,1.34551999999997e-08
16,PDP2,43,1e+06,66914382,66925002,362.964198585913,9.99999000001e-07,rs45474499,1.53457999999999e-10
16,PRR14,9,1e+06,30662240,30667734,50.6861356888339,9.99999000001e-07,rs199717072,5.3539e-07
16,ROGDI,31,1e+06,4846962,4852951,224.888710154747,9.99999000001e-07,rs7191123,2.44253000000002e-08
16,TBX6,27,1e+06,30097114,30103205,143.169429765522,9.99999000001e-07,rs3833842,1.57076000000002e-06
16,TMEM170A,143,1e+06,75480922,75498584,1263.28792043288,9.99999000001e-07,rs28558946,1.02246999999998e-09
16,VPS9D1,76,1e+06,89773540,89787394,491.241091130263,9.99999000001e-07,rs57119673,4.49365999999998e-11
17,ACADVL,30,1e+06,7120443,7128586,280.621845781774,9.99999000001e-07,rs739669,1.55310000000001e-12
17,BZRAP1-AS1,117,1e+06,56402810,56431088,659.293409065652,9.99999000001e-07,rs77434154,7.83971000000021e-11
17,CLDN7,16,1e+06,7163221,7166512,258.2117662521,9.99999000001e-07,rs222857,1.64210000000003e-18
17,CTDNEP1,26,1e+06,7146905,7155259,350.857458345263,9.99999000001e-07,rs2074217,2.56329999999998e-15
17,CUEDC1,480,1e+06,55938603,56032684,2382.06948858816,9.99999000001e-07,rs567050474,1.11260000000002e-10
17,DCAKD,182,1e+06,43100705,43138477,1350.2398093754,9.99999000001e-07,rs55897749,1.66778000000002e-10
17,DLG4,103,1e+06,7093209,7123369,1352.76166508836,9.99999000001e-07,rs11867639,2.64727999999997e-17
17,ELP5,26,1e+06,7155371,7163259,546.112798432976,9.99999000001e-07,rs367181,3.12464000000002e-18
17,GOSR2,81,1e+06,45000485,45018733,1056.40378677252,9.99999000001e-07,rs11874,2.28929000000004e-21
17,LOC102724596,89,1e+06,47438526,47457456,867.362317926719,9.99999000001e-07,rs112502960,1.82474000000004e-12
17,MYL4,54,1e+06,45286427,45301045,501.93828024428,9.99999000001e-07,rs78033733,9.11591000000019e-19
17,PHB,46,1e+06,47481409,47492267,337.520485746313,9.99999000001e-07,rs2898883,7.02910000002199e-13
17,PHF23,9,1e+06,7138346,7142825,167.4320326801,9.99999000001e-07,rs222852,6.68189999999991e-19
17,RAD51C,156,1e+06,56769933,56811703,1143.78586689172,9.99999000001e-07,rs2567901,3.40909999999999e-10
17,4-Sep,73,1e+06,56597610,56618179,508.643540438444,9.99999000001e-07,rs148548662,7.80728000000022e-15
17,SHBG,76,1e+06,7517381,7536701,691.248094235424,9.99999000001e-07,rs2908809,1.37435999999998e-12
17,TNFSF12,43,1e+06,7452374,7461207,461.442913979072,9.99999000001e-07,rs3803798,4.60913999999997e-10
17,TRIM37,428,1e+06,57059999,57184266,1962.75640208727,9.99999000001e-07,rs143936272,1.58343002442436e-14
17,TTLL6,234,1e+06,46839592,46894469,2180.79369554965,9.99999000001e-07,rs11652858,3.84415000000003e-11
17,ZNF652,270,1e+06,47366567,47439835,3197.47981771453,9.99999000001e-07,rs2906095,5.36661000256138e-14
17,ALOX15P1,21,1e+06,6561037,6564701,138.848987364234,9.99999000001e-07,rs9908147,5.22035000000015e-11
17,ATP5G1,10,1e+06,46970147,46973232,179.080280206804,9.99999000001e-07,rs1800632,8.73232999999991e-10
17,BZRAP1,117,1e+06,56402810,56431088,659.293409065652,9.99999000001e-07,rs77434154,7.83971000000021e-11
17,C17orf104,58,1e+06,42733761,42753165,216.681810221809,9.99999000001e-07,rs77416189,1.94670000000005e-08
17,C17orf47,10,1e+06,56618947,56621733,99.270008055254,9.99999000001e-07,rs6503867,3.07701999999995e-09
17,C17orf82,5,1e+06,59489111,59490641,146.101032947693,9.99999000001e-07,rs11871637,1.22067000000002e-18
17,CDC27,288,1e+06,45195310,45266665,1879.26574979527,9.99999000001e-07,rs117953218,1.63832e-20
17,DVL2,29,1e+06,7128660,7137863,375.912531230434,9.99999000001e-07,rs222836,1.58416e-13
17,EIF4A1,33,1e+06,7476023,7482324,196.798185938744,9.99999000001e-07,rs2270341,3.71279000000057e-12
17,FLJ40194,37,1e+06,47325604,47336027,507.074992545076,9.99999000001e-07,rs28397663,3.90301000000013e-12
17,FXR2,97,1e+06,7494547,7518215,790.838507868235,9.99999000001e-07,rs1641547,7.7553200000032e-13
17,GIP,48,1e+06,47035917,47045955,722.464153934322,9.99999000001e-07,rs8078510,8.39151000000017e-10
17,HOXB3,101,1e+06,46626231,46651810,549.476937643701,9.99999000001e-07,rs117171962,2.25715000000004e-09
17,HOXB6,29,1e+06,46673098,46682334,240.186345428984,9.99999000001e-07,rs72829881,5.23323000000006e-10
17,HSF5,236,1e+06,56497527,56565762,1517.09915116055,9.99999000001e-07,rs12936949,2.26318000000005e-09
17,IGF2BP1,202,1e+06,47074773,47133507,1406.04307335245,9.99999000001e-07,rs9906710,5.12861000000012e-09
17,KDM6B,62,1e+06,7743234,7758118,302.502261235281,9.99999000001e-07,rs55977787,4.11349000000003e-08
17,KIAA0753,292,1e+06,6481644,6544247,2974.77595998962,9.99999000001e-07,rs4796520,4.99344000000032e-12
17,LOC101927688,141,1e+06,56597197,56634286,975.914880813595,9.99999000001e-07,rs148548662,7.80728000000022e-15
17,LPO,101,1e+06,56315786,56345879,543.564148990233,9.99999000001e-07,rs8178414,1.66265000000007e-12
17,MED31,55,1e+06,6546632,6554954,745.589747364111,9.99999000001e-07,rs58236662,1.13840999999998e-11
17,MIR4520A,1,1e+06,6558758,6558828,30.1661548865636,9.99999000001e-07,rs8078913,3.96569999999997e-08
17,MIR4520B,1,1e+06,6558767,6558821,30.1661548865636,9.99999000001e-07,rs8078913,3.96569999999997e-08
17,MPDU1,19,1e+06,7486964,7491527,162.840596965888,9.99999000001e-07,rs2302661,1.41221000000003e-12
17,MPO,37,1e+06,56347216,56358296,149.779973168841,9.99999000001e-07,rs56378716,3.49462000000019e-12
17,NMT1,266,1e+06,43138679,43186382,2251.336232074,9.99999000001e-07,rs4525538,1.47285999999998e-10
17,PECAM1,69,1e+06,62396776,62407083,714.678567152007,9.99999000001e-07,rs1050382,9.86369999999982e-09
17,PPM1E,771,1e+06,56833229,57062540,4401.5430759774,9.99999000001e-07,rs184451683,7.43703999999998e-15
17,RNF43,232,1e+06,56431037,56494931,1854.66427717326,9.99999000001e-07,rs140236648,2.04456000253691e-14
17,SENP3,38,1e+06,7465308,7475287,283.099872659489,9.99999000001e-07,rs10438740,3.5383400000009e-12
17,SENP3-EIF4A1,71,1e+06,7465308,7482324,479.898058598233,9.99999000001e-07,rs10438740,3.5383400000009e-12
17,SKA2,126,1e+06,57187307,57232800,664.260506923525,9.99999000001e-07,rs7502947,2.06547999999998e-09
17,SLC2A4,26,1e+06,7185053,7191367,274.265075039009,9.99999000001e-07,rs5418,8.92483000000022e-19
17,SNF8,81,1e+06,47007458,47022154,1108.182350707,9.99999000001e-07,rs55917610,1.71163000000003e-10
17,SOX15,9,1e+06,7491497,7493488,67.5918533379408,9.99999000001e-07,rs7211847,1.61849000000004e-07
17,TBX2,44,1e+06,59477256,59486827,1262.71182172764,9.99999000001e-07,rs34446110,9.2172199999999e-19
17,TBX21,65,1e+06,45810609,45823485,545.28251873923,9.99999000001e-07,rs12451801,3.38392000000001e-09
17,TEX14,576,1e+06,56634037,56769416,4128.76123145201,9.99999000001e-07,rs144821560,1.64740000049758e-14
17,TNFSF12-TNFSF13,62,1e+06,7452374,7464925,526.072877772209,9.99999000001e-07,rs3803798,4.60913999999997e-10
17,TNFSF13,62,1e+06,7452374,7464925,526.072877772209,9.99999000001e-07,rs3803798,4.60913999999997e-10
17,TXNDC17,18,1e+06,6544221,6547861,182.770709817136,9.99999000001e-07,rs9909640,1.09622999999999e-11
17,UBE2Z,97,1e+06,46985730,47006422,1435.84489407827,9.99999000001e-07,rs35929648,5.22035000000016e-12
17,WNT9B,120,1e+06,44928967,44954437,641.155674430348,9.99999000001e-07,rs6504591,4.62572999999999e-10
18,C18orf8,109,1e+06,21083433,21111771,952.616636360513,9.99999000001e-07,rs1652342,6.92548000000001e-10
18,NPC1,231,1e+06,21111462,21166581,1866.5079371826,9.99999000001e-07,rs4296334,5.61680999999995e-10
18,TMEM241,494,1e+06,20875978,21017925,2338.50801845764,9.99999000001e-07,rs12966459,2.73557999999994e-06
18,ZNF521,1287,1e+06,22641887,22932214,4180.35587757343,9.99999000001e-07,rs66794444,4.47300999999989e-11
19,DHPS,22,1e+06,12786530,12792701,99.0026705255934,9.99999000001e-07,rs78611481,5.13854000000001e-10
19,HIF3A,284,1e+06,46800302,46846690,1118.94458061921,9.99999000001e-07,rs139795449,3.82446000000001e-06
19,IL4I1,238,1e+06,50392912,50432796,1144.72688962835,9.99999000001e-07,rs8429,4.3925799999999e-07
19,NUP62,157,1e+06,50410083,50432988,841.794734799034,9.99999000001e-07,rs8429,4.3925799999999e-07
19,PDE4A,231,1e+06,10527448,10580307,1096.25827749536,9.99999000001e-07,rs78854124,1.25997000000001e-05
19,S1PR5,30,1e+06,10623417,10628668,170.653195625473,9.99999000001e-07,rs12460981,9.69772999999988e-06
19,SMARCA4,476,1e+06,11071597,11172958,2278.53772495545,9.99999000001e-07,rs1529727,7.61482999999988e-08
19,WDR83,34,1e+06,12777617,12786646,112.141786739396,9.99999000001e-07,rs12976574,2.42773000000002e-07
19,APOE,11,1e+06,45409038,45412650,67.882187467987,9.99999000001e-07,rs769450,4.78950000000005e-06
19,BEST2,19,1e+06,12863406,12869271,70.7090556923648,9.99999000001e-07,rs79442654,1.56711000000001e-11
19,C19orf80,8,1e+06,11350294,11352619,50.4870594781844,9.99999000001e-07,rs2278426,3.49390000000008e-08
19,DOCK6,238,1e+06,11309968,11373168,2047.10326842958,9.99999000001e-07,rs143466522,7.89405000000023e-16
19,DOT1L,439,1e+06,2164147,2232577,1910.85637576225,9.99999000001e-07,rs55678414,1.95956999999998e-09
19,ELAVL3,155,1e+06,11562142,11591803,988.498322829785,9.99999000001e-07,rs183093841,9.93802000000012e-12
19,EPOR,22,1e+06,11487880,11495018,106.150432077018,9.99999000001e-07,rs142094773,0.000172483999999998
19,GIPR,66,1e+06,46171501,46185717,367.648778265255,9.99999000001e-07,rs11672660,2.36003999999993e-05
19,HAUS8,145,1e+06,17160570,17186343,1225.375448619,9.99999000001e-07,rs13346655,6.42984000001581e-13
19,ICAM1,91,1e+06,10381516,10397291,374.707491123256,9.99999000001e-07,rs5499,2.31297000000002e-05
19,IER2,16,1e+06,13261281,13265718,78.6900490151548,9.99999000001e-07,rs55724477,3.57042999999997e-05
19,INSR,1383,1e+06,7112265,7294011,3854.78519476698,9.99999000001e-07,rs934099,6.86435999999998e-11
19,LDLR,288,1e+06,11200037,11244505,2328.54183952287,9.99999000001e-07,rs10422256,6.45208000000009e-11
19,LOC101927411,27,1e+06,32592997,32596822,197.206673745523,9.99999000001e-07,rs1433120,2.88754999999996e-07
19,LPPR2,35,1e+06,11466061,11476374,231.705539360332,9.99999000001e-07,rs8108707,1.20854000000002e-10
19,LRRC4B,255,1e+06,51020149,51071302,795.181750071475,9.99999000001e-07,rs61751956,3.05858000000002e-06
19,MAN2B1,84,1e+06,12757321,12777591,348.240705221268,9.99999000001e-07,rs8104821,5.53604999999992e-07
19,MIR6886,2,1e+06,11224149,11224210,37.613789579764,9.99999000001e-07,rs1003723,1.04491000000003e-09
19,MYO9B,824,1e+06,17186590,17324104,3607.14035767673,9.99999000001e-07,rs11666569,7.67184999999999e-16
19,RAB3D,101,1e+06,11432721,11450344,788.87275874644,9.99999000001e-07,rs7246752,1.20060000000018e-12
19,RGL3,122,1e+06,11504731,11530018,1964.94974756743,9.99999000001e-07,rs167479,9.60064000000065e-52
19,RNU6-66P,654,1e+06,46720994,46809806,3315.61330417735,9.99999000001e-07,rs2005873,1.95213999999996e-09
19,TYK2,144,1e+06,10461203,10491248,773.619107358679,9.99999000001e-07,rs280500,8.5504700000001e-06
19,ZGLP1,17,1e+06,10415478,10420233,109.574345678314,9.99999000001e-07,rs281417,3.05063000000004e-08
19,ZNF442,44,1e+06,12460184,12476475,311.397146157998,9.99999000001e-07,rs117765308,9.0261000000001e-11
19,ZNF536,829,1e+06,30863327,31048965,2746.3325170226,9.99999000001e-07,rs58114373,5.21770999999997e-06
19,ZNF564,119,1e+06,12636183,12662356,488.493065027084,9.99999000001e-07,rs12975560,2.70776000000003e-08
19,ZNF709,95,1e+06,12571997,12595632,577.848181847203,9.99999000001e-07,rs186332699,7.19133999999998e-07
19,ZNF799,36,1e+06,12500827,12512088,185.287733260804,9.99999000001e-07,rs4804181,4.23848000000003e-10
20,DEFB121,40,1e+06,29992647,30000641,259.306793223576,9.99999000001e-07,rs186969661,1.26407000000003e-08
20,GNAS,327,1e+06,57414794,57486250,1850.92374547298,9.99999000001e-07,rs55850843,6.34657999999997e-10
20,JPH2,462,1e+06,42740336,42816218,1964.77667466912,9.99999000001e-07,rs6017285,1.01501000000001e-10
20,NFATC2,952,1e+06,50003493,50179370,2916.73980884446,9.99999000001e-07,rs11696516,6.68497999999991e-11
20,POFUT1,85,1e+06,30795695,30826467,555.207914558169,9.99999000001e-07,rs1884865,1.43317999999998e-07
20,RGS19,27,1e+06,62704534,62711324,184.653150385773,9.99999000001e-07,rs6011280,1.69056000000002e-09
20,TCEA2,78,1e+06,62688438,62703700,662.606740395496,9.99999000001e-07,rs35213536,1.54557000000004e-10
20,APCDD1L-AS1,623,1e+06,57090434,57194948,2196.94932933361,9.99999000001e-07,rs6128375,9.64961999999997e-10
20,ATP5E,16,1e+06,57603732,57607422,194.211382612956,9.99999000001e-07,rs151354,6.28348000000013e-21
20,C20orf203,73,1e+06,31219426,31239783,592.711647780214,9.99999000001e-07,rs6141767,2.49458999999999e-11
20,CHD6,923,1e+06,40030742,40247133,4857.79411373089,9.99999000001e-07,rs11086806,2.76853000000007e-08
20,CTSZ,76,1e+06,57570241,57582309,2445.90037824327,9.99999000001e-07,rs10369,1.56315000000025e-33
20,KIZ,494,1e+06,21106623,21227258,3544.72665778041,9.99999000001e-07,rs6047267,3.08893999999997e-08
20,LKAAEAR1,4,1e+06,62714732,62715712,76.9184602407523,9.99999000001e-07,rs6010717,1.58143000000003e-07
20,LOC101929413,154,1e+06,10855980,10889920,1866.84346105585,9.99999000001e-07,rs6040220,4.77199999999992e-17
20,NELFCD,55,1e+06,57556262,57570188,1167.82283943047,9.99999000001e-07,rs7341,2.50842000000022e-28
20,PLAGL2,34,1e+06,30780306,30795546,190.038168268702,9.99999000001e-07,rs3787372,1.48655000000002e-07
20,PREX1,1111,1e+06,47240792,47444420,5082.95284490225,9.99999000001e-07,rs79044887,9.04607000000014e-09
20,SLMO2,33,1e+06,57608199,57617901,624.061750062236,9.99999000001e-07,rs151361,5.07341000000006e-21
20,SLMO2-ATP5E,56,1e+06,57603732,57617901,989.319482974268,9.99999000001e-07,rs151361,5.07341000000006e-21
20,TUBB1,28,1e+06,57594308,57601709,490.235819791687,9.99999000001e-07,rs6070697,3.28246000000006e-19
20,XRN2,312,1e+06,21283941,21370463,1902.56699416272,9.99999000001e-07,rs3787500,9.63740000000011e-07
20,ZNF831,288,1e+06,57766074,57834167,7531.812093715,9.99999000001e-07,rs61743785,2.1607299999998e-65
21,CLDN8,7,1e+06,31586323,31588469,59.3386061651866,9.99999000001e-07,rs686364,2.89533999999997e-07
21,HSF2BP,293,1e+06,44949071,45079374,3181.66267849532,9.99999000001e-07,rs6518309,1.60424000000001e-10
21,IFNGR2,155,1e+06,34775201,34809828,883.65482107057,9.99999000001e-07,rs2300373,5.50364000000012e-09
21,LINC00307,9,1e+06,31581468,31584101,60.4035559389487,9.99999000001e-07,rs694984,4.54537999999994e-07
21,LINC00322,69,1e+06,44742088,44751919,548.417298893899,9.99999000001e-07,rs11089106,3.20530999999996e-10
21,RRP1B,127,1e+06,45079431,45115960,1321.07520422432,9.99999000001e-07,rs2838351,6.73659000000001e-10
22,CCDC117,98,1e+06,29168661,29185289,811.363024879247,9.99999000001e-07,rs2206061,1.20126999999998e-08
22,PI4KA,791,1e+06,21061978,21213100,5038.69972867735,9.99999000001e-07,rs178046,2.81733999999995e-06
22,THOC5,246,1e+06,29904155,29949736,1672.0569909901,9.99999000001e-07,rs10427559,5.68447000000001e-07
22,C22orf31,18,1e+06,29454659,29457907,84.3773687258317,9.99999000001e-07,rs134557,1.24862000000001e-08
22,CHEK2,236,1e+06,29083730,29137822,1221.46869856419,9.99999000001e-07,rs6005837,2.42577000000006e-07
22,GAS2L1,26,1e+06,29702984,29708778,120.896817525288,9.99999000001e-07,rs112302060,1.31401000000002e-06
22,HSCB,74,1e+06,29138042,29153496,501.639781750855,9.99999000001e-07,rs5752783,6.15234000000009e-10
22,RNF185,236,1e+06,31556137,31603005,1308.56189839467,9.99999000001e-07,rs5994376,4.50920999999994e-08
22,XBP1,16,1e+06,29190547,29196560,124.459972571753,9.99999000001e-07,rs2228260,1.64767000000001e-08
